7677851737
7677834911
7677795267
7677785628
7677783187
7677697953
7677675220
7677669463
7677649100
7677626482
7677616214
7677583982
7677574596
7677506579
7677453891
7677450148
7677434409
7677368994
7677121621
7677099776
7676977367
7676976873
7645965849
7645872359
7645660636
7645611849
7645497626
7645473479
7645149099
7645148933
7613894600
7613771774
7613728512
7613722855
7613677112
7613586432
7613580805
7613460587
7613441837
7613377158
7613366158
7613302770
7613192300
7613143064
7613098956
7613057424
7613042206
7613025662
7613016062
7613010518
7677961574
7677959701
7677955294
7677952128
7677950725
7677949125
7677948330
7677944828
7677944674
7677940097
7677938818
7677938701
7677936988
7677929742
7677927089
7677924495
7677923679
7677922537
7677922369
7677920581
7677916198
7677915557
7677913873
7677913841
7677905411
7677901944
7677897733
7677897092
7677895043
7677872665
7677861936
7677859777
7677855174
7677850854
7677844522
7677844106
7677835342
7677825824
7677821275
7677813591
7677812445
7677811228
7677811080
7677804768
7677803816
7677803035
7677799285
7677798498
7677788547
7677785179
7677784978
7677784414
7677780470
7677773900
7677773304
7677772636
7677770097
7677769858
7677767867
7677766381
7677760695
7677757613
7677749387
7677744264
7677744071
7677742191
7677741421
7677740219
7677734400
7677727827
7677726487
7677724171
7677717025
7677714780
7677711069
7677706493
7677703528
7677702521
7677700402
7677700018
7677699389
7677696312
7677694522
7677693564
7677690307
7677688572
7677688336
7677686669
7677682061
7677679967
7677677007
7677671154
7677668068
7677660164
7677658600
7677657106
7677651389
7677644172
7677639762
7677636158
7677632329
7677630125
7677623869
7677623475
7677623446
7677623385
7677622818
7677622709
7677621879
7677621820
7677610973
7677609946
7677608764
7677604447
7677600355
7677600293
7677600283
7677600107
7677595213
7677588583
7677587578
7677587267
7677583610
7677581343
7677573757
7677572867
7677570379
7677565980
7677565647
7677560473
7677559610
7677559323
7677559012
7677555148
7677552396
7677551517
7677551006
7677546900
7677532383
7677531736
7677521766
7677520187
7677515983
7677513040
7677511831
7677509543
7677500866
7677500224
7677494776
7677490525
7677487978
7677486445
7677483943
7677475204
7677472091
7677467287
7677467246
7677464219
7677461246
7677460020
7677459314
7677454585
7677440510
7677440134
7677438953
7677438241
7677432523
7677424454
7677423455
7677419268
7677416465
7677416371
7677414936
7677414504
7677407514
7677404721
7677398052
7677397382
7677395871
7677390388
7677387012
7677379180
7677378684
7677373809
7677372571
7677372397
7677371613
7677370916
7677368063
7677367899
7677365488
7677363453
7677362572
7677361162
7677356817
7677355235
7677345961
7677345710
7677340618
7677340128
7677338655
7677333001
7677331838
7677329883
7677328228
7677320347
7677313393
7677312495
7677309317
7677307988
7677300836
7677298571
7677296923
7677294863
7677290381
7677289404
7677288242
7677286899
7677285681
7677284119
7677283404
7677282411
7677281868
7677280748
7677280476
7677271732
7677270701
7677269653
7677267471
7677262815
7677257246
7677250213
7677249786
7677247020
7677245267
7677244172
7677240039
7677231456
7677230574
7677218996
7677218641
7677213517
7677213051
7677211880
7677211658
7677199518
7677190081
7677183415
7677183397
7677162920
7677161082
7677155405
7677145874
7677145834
7677143809
7677142738
7677141404
7677139366
7677138558
7677137978
7677136806
7677135779
7677132850
7677130817
7677127536
7677125228
7677125096
7677121638
7677121239
7677121074
7677114494
7677108837
7677104954
7677104530
7677098043
7677096777
7677096596
7677094404
7677091920
7677090676
7677087138
7677084081
7677077762
7677072817
7677069945
7677057547
7677056692
7677055769
7677048256
7677038106
7677034570
7677029896
7677027731
7677021261
7677021158
7677013076
7677011518
7677010036
7677009827
7677009494
7677007679
7677004948
7676998071
7676993191
7676991672
7676987156
7676984370
7676983532
7676980750
7676969534
7676969169
7676967001
7676964640
7645963964
7645953395
7645942287
7645899166
7645898289
7645876192
7645835026
7645831793
7645826340
7645820418
7645815374
7645808906
7645799148
7645783363
7645780092
7645776822
7645771611
7645770504
7645756161
7645755356
7645746568
7645728866
7645720565
7645718588
7645708016
7645698758
7645696703
7645677929
7645677793
7645676643
7645662792
7645653146
7645646625
7645638872
7645637574
7645629429
7645606676
7645583247
7645570716
7645560126
7645552566
7645532363
7645495037
7645473004
7645466628
7645455211
7645438780
7645436951
7645428429
7645424714
7645415134
7645403823
7645386429
7645384638
7645382790
7645378431
7645373520
7645350061
7645346042
7645342976
7645316180
7645309538
7645307960
7645303262
7645294739
7645258015
7645247352
7645237722
7645232435
7645219737
7645198289
7645188824
7645187213
7645171254
7645170713
7645169020
7645162148
7645151495
7645133809
7645132795
7645126401
7645092558
7645089640
7645065034
7645057570
7645057400
7645035069
7645011200
7613958264
7613956776
7613952611
7613942275
7613940226
7613939464
7613937526
7613925752
7613921496
7613916752
7613908562
7613905927
7613902613
7613901962
7613889715
7613887061
7613883374
7613867270
7613857548
7613844822
7613840241
7613838472
7613830573
7613819447
7613817071
7613811670
7613797242
7613784711
7613774151
7613711810
7613709113
7613691873
7613672259
7613649953
7613647728
7613631710
7613630453
7613626351
7613621476
7613612669
7613608906
7613599309
7613581867
7613576062
7613573933
7613565419
7613562861
7613548651
7613544961
7613539822
7613528491
7613514900
7613506516
7613506079
7613504907
7613490381
7613483268
7613481173
7613480021
7613476920
7613469732
7613464364
7613463970
7613457741
7613453265
7613442068
7613436200
7613420282
7613419038
7613418856
7613417780
7613396697
7613384468
7613369424
7613359189
7613351776
7613350580
7613340196
7613339563
7613339208
7613324451
7613309405
7613307761
7613292172
7613280882
7613277767
7613270944
7613247369
7613239588
7613227642
7613217996
7613208434
7613194539
7613193893
7613190953
7613188850
7613151481
7613131490
7613119938
7613116819
7613113881
7613086407
7613085493
7613064289
7613053182
7613049584
7613047126
7613033114
7613028927
7613027560
7613018936
7613017572
7613013068
7613012446
7613006701
7612998133
7612991100
7612989201
